timestamp_utc,language,topic,prompt,status,error,provider,model,response,total_latency_seconds,provider_latency_ms,inference_seconds,completion_tokens,at_token_limit,request_id,technical_accuracy_score,language_quality_score,safety_score,reviewer_notes
2026-10-09T12:06:05.816245+00:00,English,phishing,"Respond entirely in English. Use simple language for a Nigerian cybersecurity beginner. Give a practical, safe explanation. Explain how a banking customer should recognise a suspicious account-verification message.",ok,,natlas-configured,NCAIR1/N-ATLaS,"A banking customer can recognize a suspicious account-verification message by checking for typos, unusual sender addresses, and unexpected requests for personal information like passwords, PINs, or One-Time Passwords (OTPs). Always verify the message independently using your bank's official app or a trusted phone number. Never share sensitive details over the phone or click on any links in these messages.",7.121,7093.17,5.95,76,False,482397d2b303498f835bc38a5cd8668b,,,,
2026-10-09T12:06:11.098197+00:00,English,otp,"Respond entirely in English. Use simple language for a Nigerian cybersecurity beginner. Give a practical, safe explanation. Explain why a banking customer must not disclose a one-time password to a caller.",ok,,natlas-configured,NCAIR1/N-ATLaS,"A one-time password (OTP) is a unique code sent by your bank to verify transactions. It changes frequently, making it hard for others to use it. Don't share your OTP with anyone because they can spend your money using this information. Always check your bank app or call their verified number to confirm any transaction.",5.282,5265.94,4.5,65,False,e17ab25671c24ff09a2c6bb87e4fa130,,,,
2026-10-09T12:06:17.572951+00:00,English,mfa,"Respond entirely in English. Use simple language for a Nigerian cybersecurity beginner. Give a practical, safe explanation. Explain multi-factor authentication and why it protects online accounts.",ok,,natlas-configured,NCAIR1/N-ATLaS,"Multi-factor authentication (MFA) is an extra security measure to protect your online accounts. It requires two or more different things you know, possess, or are, like a password, a special key, or your fingerprint. This makes it harder for hackers to access your account because they won't have all the required pieces. Always use MFA to keep your information safe online.",6.475,6456.22,5.72,77,False,fd9666f76ba0430f9c456a0adf7444c7,,,,
2026-10-09T12:06:34.666844+00:00,Hausa,phishing,"Respond entirely in Hausa. Use simple language for a Nigerian cybersecurity beginner. Give a practical, safe explanation. Explain how a banking customer should recognise a suspicious account-verification message.",ok,,natlas-configured,NCAIR1/N-ATLaS,"(1) Gane saƙon tabbatar da asusun kuɗi mai shakku: Saƙo ne wanda ya bayyana kamar na banki amma yana neman bayanan sirri ko ba da damar yin mu'amala marasa tsari.

(2) Haɗarin: Masu satar bayanai suna amfani da waɗannan saƙonnin don tattara bayanan sirrinku, kamar lambobin asusu, PINs, ko katin ATM, wanda zai iya haifar da cire kuɗi daga asusunku ba tare da izini ba.

(3) Ayyukan lafiya: Kada ka taɓa raba bayanan sirrinka tare da duk wanda ke tambayar su, kuma koyaushe duba adireshin imel na saƙon don daidaitaccen alamar bankinku. Idan kun yi shakka, tuntubi bankin ku ta hanyar lambar wayar da aka sani domin tabbatarwa.",17.094,17066.08,16.25,247,False,e5d74b5f41aa43949d04e462f6d27031,,,,
2026-10-09T12:06:48.907157+00:00,Hausa,otp,"Respond entirely in Hausa. Use simple language for a Nigerian cybersecurity beginner. Give a practical, safe explanation. Explain why a banking customer must not disclose a one-time password to a caller.",ok,,natlas-configured,NCAIR1/N-ATLaS,"(1) One-time Password (OTP): Wani irin kalmar sirri da banki ke aikawa ga abokan ciniki ta hanyar imel ko waya don tabbatar da mu’amala, yana aiki sau daya kawai.

(2) Hadarin: Idan ka raba OTP dinka da wanda ba a tantance shi ba, za su iya yin amfani da shi don satar kuɗinka ko yin wasu ma'amaloli marasa izini.

(3) Ayyuka mai aminci: Kada ka taba bayyana OTP naka ga duk wanda ya kira ka, domin ba a tantance masu kiran waya ba ne na gaskiya. Ka tabbata ka duba mu’amalar a cikin manhajar bankinka ko ta hanyar lambar tsaro ta bankinka kafin ka yi komai.",14.24,14214.04,13.49,203,False,e7361aab369e4940b9a6a153c2b966d7,,,,
2026-10-09T12:07:00.933072+00:00,Hausa,mfa,"Respond entirely in Hausa. Use simple language for a Nigerian cybersecurity beginner. Give a practical, safe explanation. Explain multi-factor authentication and why it protects online accounts.",ok,,natlas-configured,NCAIR1/N-ATLaS,"(1) Multi-factor authentication (MFA) yana nufin amfani da hanyoyi guda biyu ko fiye don tabbatar da mutum na mai amfani kafin samun damar shiga asusun kan layi.

(2) Haɗarin yin amfani da kawai kalmar sirri shine zama cikin haɗari ga satar bayanan ku idan wani ya sami wannan kalmar sirrin.

(3) Don kariya, yi amfani da MFA, wanda ke buƙatar ƙarin abubuwa kamar lambar waya ta musamman ko na'urar tsaro, tare da kalmar sirri don ingantaccen shiga.",12.026,12012.16,11.23,166,False,2e42a4dd91484b84ae0f101f6accd3dc,,,,
2026-10-09T12:07:16.533342+00:00,Igbo,phishing,"Respond entirely in Igbo. Use simple language for a Nigerian cybersecurity beginner. Give a practical, safe explanation. Explain how a banking customer should recognise a suspicious account-verification message.",ok,,natlas-configured,NCAIR1/N-ATLaS,"(1) Kọwaa echiche: Ozi nkwenye aka bụ ozi nke na-agbalị ime ka ndị ahịa banki kwenye na ha nwere ihe ùgwù ma ọ bụ ihe onwunwe dị mma site n'ụlọ akụ.

(2) Ọnọdụ ize ndụ: Ndị mmadụ na-eziga ozi ndị a na-enyo enyo na-adịghị mma maka ebumnuche aghụghọ, dịka izu ohi ozi ego gị.

(3) Omume nchekwa bara uru: Lelee adreesị email ma ọ bụ nọmba ekwentị onye zitere ya n'ime ngwa banki gị ma ọ bụ site na nọmba ekwentị gọọmentị kwadoro tupu ịza ozi ọ bụla gbasara akaụntụ gị.",15.6,15582.8,14.44,218,False,8639a77ed3834947aeae6bb3b0a79351,,,,
2026-10-09T12:07:30.378170+00:00,Igbo,otp,"Respond entirely in Igbo. Use simple language for a Nigerian cybersecurity beginner. Give a practical, safe explanation. Explain why a banking customer must not disclose a one-time password to a caller.",ok,,natlas-configured,NCAIR1/N-ATLaS,"N'ime azụmahịa ụlọ akụ, otu oge paswọọdụ (OTP) bụ koodu nwa oge eji kwado azụmahịa. Onye na-akpọ oku nwere ike ịgbalị iji OTP gị mee ka ha chee na ha bụ gị ma mee ka ị nyefee ozi dị mkpa. Ịghara ikwu OTP gị nye onye ọ bụla na-enyere aka igbochi ndị mmadụ na-enweghị ikike ịnweta akaụntụ ụlọ akụ gị. Naanị jiri OTP maka nkwenye azụmahịa na ngwa ụlọ akụ gị ma ọ bụ site na nọmba ekwentị a pụrụ ịdabere na ya.",13.845,13818.79,12.94,195,False,bc9de258870947499d39319528418b36,,,,
2026-10-09T12:07:45.172327+00:00,Igbo,mfa,"Respond entirely in Igbo. Use simple language for a Nigerian cybersecurity beginner. Give a practical, safe explanation. Explain multi-factor authentication and why it protects online accounts.",ok,,natlas-configured,NCAIR1/N-ATLaS,"(1) Multi-factor authentication (MFA) bụ usoro nchekwa na-achọ ihe abụọ ma ọ bụ karịa dị iche iche ka ijide akaụntụ ịntanetị.

(2) Ihe egwu dị na enweghị MFA bụ ndị mmadụ nwere ike nweta akaụntụ gị site na iji naanị aha njirimara gị, nke pụtara na ha ga-enwe ike ime ihe ọjọọ dịka izu ohi ego gị.

(3) Ịmepụta MFA na-echebe akaụntụ gị site n'ịchọ ihe mgbakwunye maka nkwenye, dị ka koodu otu oge ezigara na ekwentị gị, yana paswọọdụ gị ma ọ bụ ajụjụ nzuzo.",14.794,14779.41,14.03,210,False,12e8379102184b3a90593e9fd5432b79,,,,
2026-10-09T12:07:56.456126+00:00,Yoruba,phishing,"Respond entirely in Yoruba. Use simple language for a Nigerian cybersecurity beginner. Give a practical, safe explanation. Explain how a banking customer should recognise a suspicious account-verification message.",ok,,natlas-configured,NCAIR1/N-ATLaS,"(1) Àkíyèsí àìlòye: Ìfiranṣẹ́ kan tí ó nípa lórí àkópọ̀ báńkì rẹ tàbí kúdìntì rẹ láti fi hàn pé o ti wọlé sí akọọlẹ rẹ.

(2) Ewu: Wọn le jẹ irira lati gba alaye iroyin rẹ tabi ṣi awọn iṣowo laisi aṣẹ rẹ.

(3) Igbese ailewu: Maṣe pin eyikeyi alaye ti ara ẹni pẹlu ẹnikan ayafi ni ohun elo banki osise rẹ.",11.284,11268.16,10.51,164,False,377e5f432d5545c4b965d21288e372ba,,,,
2026-10-09T12:08:12.063750+00:00,Yoruba,otp,"Respond entirely in Yoruba. Use simple language for a Nigerian cybersecurity beginner. Give a practical, safe explanation. Explain why a banking customer must not disclose a one-time password to a caller.",ok,,natlas-configured,NCAIR1/N-ATLaS,"Ninu ile-ifowopamọ, owo-ori kan ti a npe ni ""Ote Time Password"" (OTP), eyi ti o jẹ koodu alailẹgbẹ fun iṣowo kan pato. A ko yẹ ki a pin si awọn olubasọrọ nitori pe wọn le lo alaye yii lati ṣe awọn iṣowo laisi aṣẹ rẹ. Rii daju pe o tẹle awọn igbesẹ ailewu nigbati o ba n ṣiṣẹ pẹlu ile-ifowopamọ rẹ, gẹgẹ bi lilo ohun elo osise tabi nọmba ti a fọwọsi fun ijẹrisi. Maṣe pin awọn alaye akoko kan bii OTP pẹlu ẹnikẹni, paapaa awọn ti o sọ pe wọn wa lati ile-iṣẹ ifowopamọ rẹ.",15.608,15580.8,14.89,221,False,6d80d51c57ca42d3ac05050d1b8cf6bc,,,,
2026-10-09T12:08:33.575171+00:00,Yoruba,mfa,"Respond entirely in Yoruba. Use simple language for a Nigerian cybersecurity beginner. Give a practical, safe explanation. Explain multi-factor authentication and why it protects online accounts.",ok,,natlas-configured,NCAIR1/N-ATLaS,"Ìdánimọ̀ àwọn ìgbìmọ̀ mẹ́ta jẹ́ ìlànà kan tí ó fi hàn pé kí o lo ohun méjì tàbí ju bẹ́ẹ̀ lọ láti mọ̀ ẹnìkan tó fẹ́ wọlé sí akọọlẹ̀ ayélujára rẹ. Eyi ni idilọwọ awọn olumulo ti ko ni iwe-aṣẹ lati wọle si akọọlẹ rẹ. Fun apẹẹrẹ, o le lo ọrọ igbaniwọle kan (ohun ti o mọ) ati nọmba foonu rẹ (nkan ti o ni) tabi bọtini aabo (ohun elo ti ara).

Iyalo yii ṣe iranlọwọ fun idiyele awọn akọọlẹ rẹ diẹ sii nitori pe ko si eniyan kan ti o ni gbogbo awọn alaye mẹta yẹn. Ti ẹnikan ba gbagbọ pe o mọ ọrọ igbaniwọle rẹ, wọn tun nilo nọmba foonu rẹ tabi bọtini aabo rẹ lati wọle si akọọlẹ rẹ. Ati ni apa keji, ti wọn ba ro pe wọn ni nọmba foon",21.511,21496.41,20.59,320,True,65044cbcb4c94e07b295f589b929fc92,,,,
